100 2
7.523909527009199 -7.582949944782134 
3.2149670945309907 -0.8033711032280362 
-4.148814990705487 1.3994825435394969 
-4.850348766248871 5.199067822142968 
5.77894629414558 3.4955105407309706 
8.164867502848338 8.108166032610388 
9.124759442705091 0.807419305378307 
-4.2252789849985195 -2.215723927403652 
4.566774445216728 4.944448251496187 
6.73693066338668 7.367740266952502 
0.5319122118747206 -9.996750398881904 
-8.900567390847186 7.9953307446653845 
-4.480513808285824 9.31703637085452 
6.331473351360426 -1.1910540211475524 
1.0691588562382588 -4.897097273623454 
-6.708625827510879 -9.234043354512341 
1.4021019451704078 1.9282947724794823 
6.100153168948012 -1.923728532966722 
-0.10261958721778974 -7.899649109179601 
-1.0356163102430553 6.814764424420531 
-3.1585963915525745 -9.602827484829854 
1.7153448136173939 -0.09443593922153504 
-5.142362405954075 0.7826013439410389 
-3.0315320874205103 5.484667043540677 
-2.583035425422655 5.531524327669095 
8.90690217672066 1.7465702804323477 
-3.9019769989790305 -9.64628317559358 
0.70500884515452 3.388507813279018 
1.6509584542775926 -7.756172935354295 
9.329199754206211 -2.355993352949395 
2.7225788773547457 -7.853025693330178 
-3.479215524503287 -1.7634783886249963 
-4.5786016311738 4.470673484660017 
-6.764028062316569 0.5726781130306335 
-9.4090817202137 8.922048440513379 
2.824574014609418 -0.26225062233103813 
8.93746575126406 7.857805753932457 
6.861031311932958 8.268949505208859 
2.295903397238934 4.58659267230324 
9.354955898150607 1.1067561802764008 
-6.581148491300892 1.9032105717684793 
6.533557869296882 3.058494142521015 
3.4039852389006136 6.77753443439412 
-4.574795875679829 1.1973838679166189 
-6.18997546928858 -9.681043751451018 
7.74754963730625 -7.1952091084176555 
3.8237370158545954 -8.412013663699032 
1.7077022791291228 7.173943848841628 
6.284215068876819 5.627557245073401 
-7.012909482357966 -2.0331031429217834 
7.777449660819695 8.400213521877724 
8.679953470875073 1.4297702681343303 
0.7216155517958462 0.8709601412964663 
-6.081904379595445 7.843979632390521 
-9.215666271947018 2.840899639548205 
7.622216854654944 8.90872543512046 
-0.40973737035004376 -0.11522908676406551 
9.798337279109735 6.988601880191226 
-3.7176504813485938 4.530869999116554 
-9.403950909676901 7.03599212332049 
-2.790270594703827 -9.782963037896975 
-9.742218411895347 9.023828690555217 
5.202415477411206 6.401538606199772 
9.314921973055306 -1.4767185951527644 
-0.13538982074471662 -6.400648745484608 
-1.4785203151851771 9.612391404947335 
4.274161645631624 -4.162526020834272 
8.686193897314439 4.03832105939933 
-9.152810418887467 -1.5897351088090481 
0.949757180454867 -7.733078597664507 
-8.626261729332366 4.407130948958017 
9.111308337205806 8.74027564740635 
2.251768093452913 8.97099942227775 
-1.9236557692050944 3.667311921808958 
-8.566560919336926 -3.7246360363664355 
-2.5610301977441825 -2.9570663599844753 
5.480799988140518 -7.414664929267028 
-4.511677519415054 -7.065792000227291 
-1.514709382464119 -9.903036887066534 
1.593858773974624 -9.616936041314482 
-1.6460822134481745 0.16762513890986952 
8.574691617909473 -2.362963701786218 
1.561633174591277 2.712111977513178 
-3.705649178821222 0.28585313310509974 
1.4816479983009518 -9.84356298127598 
-2.637209357362593 8.11548719069539 
-1.481968986686816 8.294130983357068 
7.200010148341406 -1.9112977614246613 
5.027543556796177 -2.490474763024924 
-5.622485429938466 -6.543181005115435 
-4.720357900311547 -8.574945383929451 
-6.706185874960829 1.6463766866368914 
7.481625109127872 3.0189273540901507 
1.9061542027280716 -3.1556228381487443 
4.528534897506496 -6.321336222796859 
-4.383161413146679 -5.000052909015718 
-3.871315482404471 -2.869524329969244 
-6.652750407008248 3.463201676233183 
1.5588259918471081 -2.316313387525007 
4.049100167201281 9.267133067771159 
