50    2
1.717       8.433
5.504       3.011
2.922       2.241
3.498       8.563
0.671       5.002
9.981       5.787
9.911       7.623
1.307       6.397
1.595       2.501
6.689       4.354
3.597       3.514
1.315       1.501
5.891       8.309
2.308       6.657
7.759       3.037
1.105       5.024
1.602       8.725
2.651       2.858
5.940       7.227
6.282       4.638
4.133       1.177
3.142       0.466
3.386       1.821
6.457       5.607
7.700       2.978
6.611       7.558
6.274       2.839
0.864       1.025
6.413       5.453
0.315       7.924
0.728       1.757
5.256       7.502
1.781       0.341
5.851       6.212
3.894       3.587
2.430       2.464
1.305       9.334
3.799       7.834
3.000       1.255
7.489       0.692
2.020       0.051
2.696       4.999
1.513       1.742
3.306       3.169
3.221       9.640
9.936       3.699
3.729       7.720
3.967       9.131
1.196       7.355
0.554       5.763
